5
21
2
2
2
2
84
24
0
12
3
53
41
15
0
34
2
24
17
1
1
0
5
107
3
2
2
3
0
18
2
0
2
49
9
45
2
9
2
87
6
44
0
40
0
12
43
0
305
0
2
0
3
2
3
24
5
2
5
3
0
55
21
3
3
53
5
30
0
54
2
3
21
18
2
0
6
22
6
3
1
21
18
7
6
27
3
2
2
1
2
3
1
94
3
5
4
3
0
3
56
13
5
103
5
4
34
10
0
42
3
14
34
2
2
89
215
305
9
11
2
11
6
0
16
19
2
111
17
2
32
18
0
28
11
24
3
94
24
28
0
6
2
2
75
30
9
6
115
53
3
69
3
31
4
45
39
0
22
6
39
47
3
31
37
56
2
197
5
2
1
2
1
2
2
1
56
5
3
10
2
2
0
2
32
5
87
34
35
2
88
6
21
1
3
32
8
2
49
6
33
0
18
2
2
49
16
82
5
0
24
49
2
22
2
17
5
40
2
25
1
1
3
17
31
11
7
2
2
2
1
16
22
32
24
2
2
21
2
1
0
2
1
44
0
2
2
48
0
2
5
50
87
51
2
27
11
34
0
1
0
2
3
49
44
0
24
65
296
2
22
6
2
87
2
31
3
2
5
25
8
57
119
32
2
2
0
2
0
26
5
31
1
2
2
24
0
2
3
21
62
2
6
6
117
8
5
5
2
73
20
11
37
8
0
2
2
2
22
2
301
1
1
2
122
42
3
373
3
40
139
199
2
22
8
8
18
11
21
5
14
11
2
23
103
16
11
17
12
2
86
49
16
1
2
24
0
6
1
144
40
21
11
0
115
3
6
3
30
3
3
2
0
24
96
3
2
24
24
25
0
2
3
18
1
3
2
32
76
17
26
24
34
6
17
3
22
18
2
1
14
17
2
6
54
2
52
0
2
42
44
1
3
0
11
0
48
3
2
18
2
2
6
2
29
2
7
0
17
87
11
18
9
0
1
6
11
3
56
3
21
29
3
5
8
0
7
4
154
21
3
32
3
0
5
2
170
17
7
30
84
18
197
0
2
22
0
45
2
0
93
2
68
6
43
21
17
3
1
1
5
61
9
27
6
62
17
23
12
26
22
6
26
3
18
17
75
38
24
13
2
2
6
34
5
6
0
0
2
1
49
28
3
73
48
34
26
115
23
20
29
34
22
19
17
142
114
9
18
5
0
50
2
3
1
12
87
87
0
2
18
5
0
5
57
2
2
19
12
47
16
39
18
83
12
36
1
44
4
2
9
18
32
2
2
15
5
5
47
44
1
32
10
87
3
26
0
1
1
0
62
68
42
26
6
2
1
2
32
44
6
7
3
16
2
3
118
14
1
1
80
3
22
22
2
39
6
0
16
28
3
2
17
6
1
11
19
5
22
0
2
22
91
41
12
7
18
47
21
28
9
30
45
6
0
24
24
6
22
139
2
142
83
22
3
2
2
2
373
22
2
5
1
24
3
23
49
2
80
10
6
30
128
15
44
2
3
16
2
32
2
1
3
3
0
34
44
0
2
11
63
11
2
33
12
0
0
60
22
49
34
80
4
62
17
23
3
18
24
2
2
23
18
62
9
2
3
130
1
1
73
2
2
38
44
70
0
3
5
42
1
42
5
2
152
1
75
1
1
2
2
26
5
2
24
34
1
1
9
1
0
9
75
0
6
121
2
10
31
37
0
132
6
49
12
7
5
62
15
1
17
2
9
10
3
5
0
4
2
6
0
3
51
305
0
2
18
2
24
68
9
2
2
5
25
17
2
0
3
11
47
3
19
6
34
5
26
5
40
2
41
94
2
58
22
6
87
4
29
2
3
8
30
1
1
3
7
0
23
0
8
5
2
4
2
2
12
70
11
2
19
5
7
117
10
3
44
52
8
19
7
18
3
22
6
18
107
2
46
5
11
5
73
3
3
11
32
2
82
17
9
2
72
44
84
1
45
3
12
2
2
6
18
17
16
0
30
26
12
9
3
1
11
11
3
18
128
3
26
24
0
4
1
5
5
23
44
1
84
41
11
58
2
38
1
42
21
4
1
18
12
5
49
58
9
1
2
0
2
18
7
2
132
20
117
6
2
4
11
84
153
35
1
2
21
2
110
11
34
2
70
3
26
1
103
2
3
18
2
5
13
1
19
24
9
2
15
16
0
2
1
1
77
3
31
5
19
6
5
10
2
34
2
2
3
2
0
75
10
5
15
26
34
6
24
34
16
69
18
3
0
26
2
1
0
23
16
5
87
73
2
45
5
2
8
5
47
6
0
9
0
56
60
111
6
2
2
76
17
24
1
70
9
2
2
110
33
11
1
0
2
2
18
56
58
111
3
17
9
35
17
5
1
0
1
0
18
58
2
3
22
50
26
2
16
75
0
2
55
30
24
8
21
20
0
10
0
75
2
47
75
44
3
2
9
0
1
112
26
2
2
44
2
0
41
32
2
25
10
75
49
6
17
87
10
3
4
6
18
0
3
75
5
17
115
18
1
0
2
2
0
0
11
10
2
1
0
62
0
87
0
49
5
3
5
65
2
11
1
3
21
18
21
22
135
39
5
19
24
44
24
38
10
21
2
148
0
91
2
37
32
28
4
198
18
2
0
0
2
22
65
3
1
21
2
65
9
44
19
2
2
0
5
67
10
46
28
0
1
0
32
22
45
2
6
44
15
47
0
6
85
11
2
5
2
22
58
3
3
119
6
53
3
28
58
0
1
2
2
150
3
2
17
0
23
34
0
94
1
96
12
13
3
9
17
56
9
9
0
2
9
1
5
3
2
2
3
62
2
26
6
123
1
13
47
44
22
35
0
47
109
35
18
7
0
20
57
23
25
28
22
68
17
117
151
17
2
44
2
10
3
39
6
2
84
0
2
0
0
25
8
5
31
3
26
109
16
84
8
15
5
5
1
0
59
0
2
44
17
3
34
16
2
45
17
51
17
3
48
25
75
160
58
87
0
22
21
3
0
6
7
2
3
2
3
22
6
40
18
0
75
197
6
32
4
0
21
1
0
0
22
8
4
24
5
49
2
3
2
44
9
1
2
54
3
8
77
22
3
34
23
1
44
36
3
42
19
96
18
46
5
62
1
9
3
6
3
6
3
14
9
2
3
1
35
3
2
5
3
54
7
33
22
28
0
1
2
37
39
18
17
23
17
35
3
160
3
11
18
2
5
30
12
9
2
3
33
9
3
171
24
1
3
31
0
25
5
32
24
22
87
1
2
1
3
83
0
0
10
11
68
12
6
2
11
5
0
25
1
19
1
2
16
3
2
75
2
18
3
29
2
5
1
1
8
109
0
0
2
0
34
0
50
3
3
28
0
10
30
43
20
79
1
21
15
45
87
65
32
10
4
10
20
123
1
11
0
54
3
74
22
94
77
9
22
27
8
2
0
2
2
7
41
0
2
11
3
22
1
11
6
3
91
0
5
7
24
2
6
2
0
5
17
17
2
2
17
3
1
1
21
109
17
2
19
1
0
34
6
102
0
27
2
30
17
2
3
10
0
46
2
2
3
3
2
36
18
1
0
199
22
10
4
3
44
87
5
26
1
44
1
5
26
17
32
5
4
20
9
30
1
131
0
28
44
7
2
17
22
21
3
34
64
45
1
171
2
2
4
2
33
33
31
2
3
0
92
10
17
2
0
6
2
42
1
0
2
42
17
2
24
9
39
21
18
88
2
2
5
3
103
45
17
144
28
47
58
3
5
44
2
35
5
54
59
3
1
17
9
2
0
17
39
2
18
3
0
100
2
18
3
9
2
2
3
2
9
75
89
51
33
16
1
2
18
58
18
23
0
15
1
84
6
50
3
0
58
6
39
62
5
45
32
3
0
1
56
24
32
1
9
19
0
1
2
22
0
2
17
25
6
1
13
5
12
26
16
25
3
24
21
26
20
3
33
5
2
1
2
6
18
11
25
5
0
2
2
37
9
68
32
44
2
0
3
2
8
2
34
10
0
8
6
2
2
3
0
5
84
5
3
30
0
34
3
34
57
10
1
5
1
2
36
82
28
1
1
6
17
141
2
1
1
21
2
28
4
3
11
3
49
142
7
6
0
4
44
6
2
28
1
12
3
0
0
12
33
119
1
19
18
27
6
121
1
57
32
44
16
27
3
72
0
24
0
0
37
96
0
3
6
2
17
2
17
88
7
5
0
2
2
10
5
30
18
1
1
2
1
2
2
18
7
23
2
7
5
81
0
87
17
6
5
17
32
38
3
0
2
0
3
3
26
13
2
4
9
66
0
2
2
2
3
2
0
0
6
44
34
42
0
0
3
18
46
0
11
155
0
39
2
3
2
26
3
5
0
23
58
7
0
72
12
2
3
4
0
3
2
16
87
84
22
133
53
4
0
1
17
56
3
1
32
11
24
24
0
16
18
2
1
49
3
19
33
2
28
5
28
22
4
44
3
6
58
27
26
0
11
2
2
2
5
47
1
18
6
2
0
35
24
10
76
374
5
80
2
0
2
31
1
22
2
8
3
30
3
1
6
37
22
119
1
5
3
44
2
8
24
54
2
35
12
2
30
5
0
5
0
44
11
0
4
22
73
34
24
5
5
1
0
116
22
30
9
17
2
28
0
31
18
5
29
81
28
45
85
2
3
8
12
2
2
17
24
0
3
2
11
19
94
16
3
118
2
1
18
20
2
4
2
2
92
3
4
45
3
2
1
11
22
4
11
0
64
2
30
3
42
0
10
26
0
4
294
19
22
87
2
2
22
10
63
4
75
2
218
0
11
68
22
0
32
2
6
0
3
2
0
5
11
14
23
49
44
9
22
0
84
3
2
2
11
5
3
1
5
3
27
18
40
1
0
0
2
17
3
3
2
49
53
0
2
0
2
44
9
21
3
23
0
142
3
10
0
4
9
3
1
38
9
31
1
32
17
24
1
11
3
1
2
16
0
8
5
0
2
94
2
76
9
45
0
19
2
1
3
1
29
0
0
3
28
36
2
5
24
8
15
18
24
9
2
2
32
2
6
3
21
65
24
35
2
8
22
34
3
21
2
2
0
47
48
64
1
5
0
68
30
7
2
1
44
32
12
2
33
26
17
2
2
44
0
92
9
2
32
0
25
42
2
13
2
111
57
10
2
0
2
4
0
0
63
9
0
6
22
4
8
41
1
4
14
44
2
6
3
36
5
1
2
44
18
3
2
1
35
35
0
0
11
30
2
11
3
0
26
39
5
51
11
1
2
18
17
69
18
21
0
3
32
9
5
23
2
48
2
22
2
2
2
1
45
1
2
69
6
3
2
9
18
5
44
12
114
0
52
0
54
5
44
22
22
2
2
8
73
0
0
56
22
6
2
82
16
0
0
44
118
25
0
114
0
128
2
87
18
19
29
7
29
38
2
39
3
28
48
23
121
0
0
7
56
2
1
2
3
2
0
11
22
2
1
0
2
0
5
47
0
51
32
0
9
48
31
6
41
30
2
11
9
26
51
26
2
1
18
17
5
52
19
87
3
17
1
0
2
1
2
2
1
0
158
18
9
11
25
3
32
67
3
2
1
2
5
15
0
21
1
1
22
0
18
131
2
18
0
2
2
36
3
208
0
1
24
44
87
18
0
6
0
2
16
7
3
5
24
44
0
0
1
144
2
3
2
51
26
5
44
10
123
33
2
107
2
2
0
37
2
2
0
2
0
34
7
69
2
19
0
2
1
18
5
9
63
5
5
3
6
128
0
11
2
2
17
6
2
49
4
34
2
2
10
76
4
30
12
0
3
31
6
25
9
29
0
16
0
28
75
9
1
19
38
0
2
2
2
32
7
6
1
43
1
5
6
17
33
3
20
21
2
1
84
34
24
1
22
19
3
1
3
87
2
25
24
44
0
119
2
0
2
65
58
34
21
2
75
2
43
18
9
8
5
11
2
2
2
5
0
3
0
1
2
31
2
2
9
19
5
44
2
0
0
3
84
17
39
2
0
2
1
9
12
22
91
153
3
1
22
17
142
206
24
5
24
6
17
7
4
9
38
10
11
3
16
79
3
100
5
2
24
38
2
6
12
77
23
3
24
1
11
34
2
17
6
24
9
3
3
99
2
2
9
9
1
5
17
28
3
22
29
1
17
1
3
73
0
0
9
2
24
36
11
48
2
73
19
1
2
7
7
81
49
23
119
45
69
2
92
25
2
1
0
28
2
2
1
44
16
77
0
2
2
114
0
2
22
52
47
6
31
29
4
63
3
0
22
16
3
9
121
18
0
62
3
8
0
4
1
2
75
28
2
44
33
30
6
2
22
19
2
117
2
2
0
45
2
26
5
3
0
101
17
6
3
65
1
48
9
1
1
87
2
6
16
11
2
76
96
10
24
9
2
209
6
6
9
2
26
24
46
16
2
3
18
4
139
3
38
31
25
24
18
2
2
107
3
2
34
2
24
7
24
1
16
1
3
8
5
2
6
3
3
21
0
17
46
25
19
10
25
11
21
2
92
11
2
18
87
6
35
45
17
152
0
2
6
31
92
65
0
2
6
17
2
34
2
1
1
4
100
44
123
21
5
11
0
0
5
27
2
1
5
2
18
2
6
6
32
2
4
2
6
31
1
10
6
45
36
18
0
11
2
141
2
9
2
34
3
40
3
2
2
30
3
30
4
24
2
64
4
25
2
25
3
10
0
105
57
3
39
32
0
53
39
11
3
19
1
22
17
80
3
87
18
39
17
1
6
17
6
2
3
3
2
7
2
77
41
123
18
10
62
44
1
8
4
92
22
26
30
34
18
1
5
2
27
8
33
10
18
41
0
2
18
2
3
6
9
3
2
0
24
44
26
8
2
17
5
2
2
91
10
47
3
21
87
9
9
17
0
0
11
52
2
14
58
0
24
1
29
31
24
33
5
6
1
31
3
25
1
11
2
74
6
3
15
2
3
16
0
21
1
9
2
10
0
3
37
2
1
31
2
29
42
39
49
51
25
3
88
5
17
2
0
0
6
58
5
62
0
12
25
68
22
26
23
121
6
2
2
2
18
47
1
18
2
87
11
57
7
2
75
5
0
5
1
3
39
3
0
0
0
3
4
2
1
28
22
7
39
13
9
17
5
34
5
45
17
3
16
2
73
11
70
4
6
21
2
28
17
5
2
95
2
56
6
3
86
11
2
30
3
31
2
0
1
3
0
52
2
23
1
17
3
6
2
11
3
0
23
79
1
2
2
2
5
22
1
77
0
3
197
0
2
21
4
0
3
102
24
0
7
4
44
4
8
34
5
5
4
18
15
50
24
2
1
15
17
7
3
57
2
10
47
18
0
34
51
2
2
2
1
2
2
51
3
17
84
34
5
8
5
2
1
3
29
3
5
49
58
54
2
69
16
2
11
11
3
5
30
122
2
2
2
18
9
5
2
10
5
54
2
80
2
21
38
208
6
1
3
21
0
33
16
2
3
30
49
31
1
34
0
305
2
5
63
3
3
0
5
8
2
1
0
20
2
1
18
1
18
2
2
2
39
34
2
6
2
39
373
33
3
93
1
3
1
75
3
2
2
2
16
48
2
51
12
6
2
1
50
82
4
20
51
44
2
2
3
2
3
26
2
23
0
2
2
17
18
5
31
2
2
57
1
2
3
34
3
28
2
18
2
326
3
2
9
17
2
117
49
2
1
31
10
1
53
2
2
0
2
46
0
35
3
28
24
133
1
2
2
2
6
5
44
21
6
7
0
11
9
116
5
94
2
21
17
2
34
60
1
104
3
37
56
25
5
8
1
70
6
33
2
23
18
58
81
21
114
47
6
2
3
6
3
117
87
41
2
1
9
2
3
34
10
44
2
77
19
0
3
72
3
2
12
2
22
22
33
8
3
3
117
2
18
21
2
22
26
45
26
1
21
75
22
83
0
43
1
28
17
29
87
0
68
3
2
21
6
56
5
0
24
8
1
17
22
2
42
25
31
30
5
38
6
9
3
2
0
2
102
2
2
22
9
25
17
87
3
16
2
3
3
6
0
24
11
56
18
32
0
0
6
3
1
9
2
3
53
47
120
153
25
29
7
0
13
3
26
3
25
3
21
6
1
18
6
3
12
2
2
5
2
18
28
2
33
3
34
1
50
2
9
0
32
28
58
4
115
18
2
2
30
2
27
18
22
0
44
6
10
3
0
6
3
64
34
0
45
2
28
2
6
21
28
3
32
1
82
1
32
39
215
2
74
10
2
2
0
2
31
79
68
34
121
3
47
39
0
32
2
2
2
1
30
9
1
2
2
2
24
0
117
6
24
10
22
32
3
25
2
2
17
5
11
17
2
4
3
9
3
17
0
3
0
3
21
24
2
33
2
46
47
3
7
28
18
2
24
18
34
22
44
2
38
75
2
22
72
9
8
2
3
6
10
3
206
1
52
9
62
2
116
2
5
94
98
18
2
0
20
2
2
6
9
24
21
0
2
3
18
9
6
2
75
22
25
2
45
2
2
0
1
1
17
3
118
17
30
3
4
70
5
3
0
11
49
2
35
5
14
6
2
13
21
33
31
94
31
0
2
73
3
6
48
0
0
153
16
117
11
87
0
6
32
2
2
2
69
1
4
3
5
2
0
34
11
32
39
2
1
2
12
23
75
5
3
25
6
114
0
30
4
9
12
2
7
0
8
2
34
0
2
7
0
3
24
3
50
5
3
12
39
13
27
2
120
9
0
18
17
2
8
1
129
2
31
6
34
8
3
2
3
5
116
2
101
7
3
2
1
3
5
0
2
2
1
2
12
18
44
4
49
49
4
3
32
42
47
2
19
3
54
94
122
2
2
7
62
6
9
3
62
24
1
4
53
24
41
122
28
0
1
2
77
16
31
24
3
2
117
2
12
111
44
49
3
2
3
2
50
0
51
24
45
7
0
1
18
4
41
0
22
1
31
22
21
2
13
84
2
0
10
4
6
60
6
3
5
1
2
48
116
3
8
3
56
1
0
3
12
33
47
16
3
17
37
0
2
18
33
32
32
0
2
2
173
5
28
0
11
30
55
2
28
1
58
25
1
26
47
2
3
26
11
2
70
40
42
22
6
2
21
1
64
5
7
3
17
4
0
18
2
1
3
5
44
3
3
17
32
34
18
3
10
2
9
2
25
74
19
5
1
3
18
0
15
2
3
0
0
0
28
4
21
22
2
40
0
33
31
2
53
2
18
2
2
2
18
3
69
18
2
3
0
1
2
2
0
115
0
3
26
20
2
3
8
0
2
2
11
1
22
3
1
26
3
19
32
3
23
1
3
0
44
6
18
2
2
0
17
1
32
6
7
2
3
2
2
17
27
5
63
2
28
5
49
2
10
6
32
33
87
3
2
18
45
3
18
88
15
6
10
33
31
40
2
2
1
2
3
10
2
6
11
1
18
39
0
2
39
1
9
2
2
2
4
0
19
3
26
6
0
33
87
2
16
0
12
3
1
6
22
3
8
7
23
93
10
4
38
0
56
6
2
2
27
38
57
0
3
2
10
12
8
17
45
142
8
87
3
0
43
6
10
0
26
2
3
1
48
17
1
2
20
9
18
22
42
17
22
27
3
1
3
2
22
33
44
48
117
2
2
3
24
2
3
12
93
9
0
160
6
1
3
51
3
52
2
17
4
117
18
1
48
32
44
41
144
3
58
2
2
142
28
3
2
0
25
23
63
2
22
89
7
1
8
5
44
0
2
219
62
73
21
12
65
36
2
0
34
33
27
0
13
10
28
1
2
6
0
18
33
31
0
115
6
0
25
0
2
26
28
2
44
0
203
3
2
9
23
6
0
34
1
3
44
39
33
0
1
25
48
0
18
2
26
3
7
2
0
33
28
18
18
5
0
3
12
17
117
22
34
0
31
58
47
84
1
2
0
17
22
25
22
1
1
2
5
6
2
0
0
1
28
2
2
2
18
24
7
9
2
5
160
11
13
3
7
2
32
2
2
2
2
22
77
0
47
2
3
58
2
7
7
62
109
62
16
9
32
21
47
3
21
5
28
16
5
5
3
32
98
5
3
2
8
16
30
106
119
2
21
3
30
11
2
6
10
6
0
3
62
22
109
3
45
11
7
5
2
22
0
2
7
47
9
23
82
2
52
10
67
0
2
17
11
2
0
2
5
5
41
2
44
1
2
2
114
3
32
12
0
2
5
19
31
22
0
21
51
65
35
17
20
3
3
5
22
30
2
2
34
2
18
2
26
0
16
53
167
2
2
39
0
1
38
2
7
68
44
2
34
5
8
32
0
2
18
0
18
19
67
3
1
93
44
3
1
8
33
33
18
2
9
2
2
3
0
2
120
2
18
50
47
2
2
58
109
8
9
13
44
5
2
62
0
7
215
2
25
21
5
1
57
22
11
54
0
39
34
0
10
2
3
44
2
24
374
68
18
2
3
1
16
58
34
5
103
2
2
18
4
2
6
2
3
0
0
12
2
18
2
9
1
3
23
6
39
5
62
2
6
9
31
2
5
2
219
9
114
1
5
1
8
3
7
19
57
3
0
34
96
2
17
53
1
33
3
2
17
18
57
24
44
0
117
12
2
150
16
87
18
9
2
12
0
62
41
3
87
2
18
5
300
2
80
34
55
5
10
22
3
0
0
22
37
2
31
10
24
1
6
1
5
4
0
33
9
3
3
1
28
22
28
29
7
16
0
0
22
12
0
2
25
94
305
6
9
57
2
12
8
0
7
2
68
119
49
2
57
117
21
2
161
18
6
18
17
6
8
1
2
2
77
3
21
7
171
75
33
39
5
0
10
0
4
16
0
5
87
50
19
5
9
0
11
20
2
22
6
17
2
49
23
45
1
3
0
0
18
2
1
2
2
2
27
3
87
28
81
2
3
1
57
2
2
6
5
0
0
17
104
117
26
9
18
5
12
28
2
6
39
2
26
6
0
2
120
22
15
3
34
104
54
1
0
2
75
374
44
9
3
2
2
2
2
9
15
2
86
3
2
49
73
3
3
2
19
83
44
5
12
0
0
2
105
25
113
17
2
22
2
4
1
3
87
9
3
17
0
0
3
119
2
117
9
9
5
1
46
11
18
37
120
19
3
3
11
34
22
0
2
0
62
3
1
59
2
77
54
23
4
40
33
2
1
12
6
3
3
64
62
18
6
9
2
42
69
62
44
12
58
19
12
16
3
5
0
20
92
45
58
0
7
77
18
36
31
31
2
63
3
3
2
58
7
57
4
49
12
3
49
18
33
22
88
34
2
5
3
103
16
1
2
84
2
3
5
33
1
59
9
3
2
19
21
30
18
42
2
16
28
2
1
18
2
42
62
16
3
44
2
6
56
17
0
39
1
2
0
47
24
3
12
34
2
3
1
56
5
1
0
2
0
13
16
2
1
53
3
3
5
0
22
68
23
6
153
30
24
91
5
21
25
18
44
89
87
2
0
3
3
39
48
153
2
104
9
2
6
24
45
1
2
6
3
17
24
69
3
40
1
102
18
63
2
84
5
3
2
17
197
3
25
2
7
30
2
31
117
62
2
2
2
17
58
27
4
45
5
2
5
34
16
290
92
24
2
3
62
1
5
23
2
1
6
3
26
22
84
4
18
17
2
11
29
12
17
10
135
2
18
24
0
18
24
0
21
115
62
47
84
2
2
2
0
0
26
374
56
2
17
54
12
70
14
3
2
3
100
0
18
56
0
77
6
7
2
4
9
0
58
34
0
5
7
22
38
2
24
352
92
6
6
10
41
24
25
2
2
1
1
32
26
1
7
8
4
11
18
2
64
118
23
2
58
44
2
3
2
38
9
121
5
6
33
1
0
93
9
2
2
16
18
74
2
20
2
72
17
379
32
70
0
47
2
6
31
82
8
0
3
73
2
6
0
60
47
11
0
34
2
3
21
115
2
5
18
74
2
92
2
9
9
0
83
373
117
60
3
79
2
28
0
2
0
4
5
373
6
3
54
57
8
2
0
44
6
54
6
3
118
2
2
16
2
2
11
2
22
2
1
2
22
0
1
30
3
0
2
36
18
76
2
6
2
19
3
13
24
137
34
0
1
3
2
30
2
1
0
21
5
1
49
7
2
2
3
2
6
378
2
23
4
1
2
8
16
45
3
3
49
23
2
20
2
5
0
1
2
87
79
5
4
87
34
2
32
3
1
17
13
1
1
0
18
111
7
0
13
26
141
2
26
2
2
34
3
117
20
69
2
17
2
2
115
3
10
274
22
0
103
5
3
42
7
6
69
12
3
11
26
2
3
34
19
8
34
14
0
2
152
41
1
123
1
30
5
5
16
2
4
87
3
3
5
3
63
120
3
13
1
31
9
16
61
47
1
117
0
7
0
17
43
35
2
41
3
6
21
19
2
5
199
26
21
23
2
8
6
21
1
62
68
8
5
17
84
74
0
107
16
8
12
27
18
2
1
58
12
52
1
43
68
19
18
61
52
1
6
8
24
42
6
30
2
0
2
7
6
5
115
5
1
43
0
115
21
84
5
18
0
57
2
18
25
83
39
2
0
3
3
2
3
17
3
42
0
0
1
2
2
5
2
3
5
2
6
0
3
21
1
20
2
0
17
28
9
2
3
2
5
52
41
16
6
2
1
46
68
21
20
28
1
8
18
2
121
3
24
24
18
9
2
82
2
17
6
193
6
2
3
2
1
11
29
24
2
31
32
49
24
5
2
6
0
44
26
44
22
3
114
89
31
2
3
11
3
47
16
16
63
1
17
19
22
35
2
10
31
9
1
215
11
21
2
1
1
17
1
2
32
1
21
25
118
2
34
40
3
2
1
14
1
93
2
42
5
17
22
2
18
0
7
2
2
17
0
18
2
3
2
28
5
10
32
0
0
20
33
1
47
2
3
23
114
153
32
4
5
3
84
11
32
0
2
3
29
5
0
3
9
62
3
47
36
20
5
38
58
123
0
1
0
18
34
44
0
140
2
10
11
11
6
3
144
67
5
6
2
2
17
109
5
1
2
44
6
2
6
11
17
6
2
2
3
25
0
21
3
7
0
6
2
26
1
2
1
7
16
72
2
19
3
2
6
7
6
8
24
30
2
152
2
1
7
19
3
0
44
3
2
9
7
2
28
31
57
2
8
2
48
9
1
25
5
5
43
2
4
2
47
9
2
0
3
1
2
5
62
22
89
5
34
23
79
0
28
6
110
3
1
0
24
2
18
32
17
2
7
34
2
3
2
6
92
2
25
58
28
25
3
2
2
83
0
2
2
24
8
2
2
10
33
21
0
7
10
2
28
18
9
0
0
6
44
117
11
1
6
23
160
17
12
2
0
58
45
25
73
3
3
4
46
2
3
52
104
44
2
33
31
47
51
35
0
2
45
3
58
48
109
22
23
41
21
11
29
3
25
0
3
22
0
1
3
6
0
2
17
18
2
6
20
2
32
1
62
22
0
2
20
6
0
11
103
1
64
0
1
9
42
5
44
12
3
2
21
24
116
0
41
1
54
2
12
3
6
73
65
