0
27
0
18
0
26
28
1
0
1
0
11
18
11
19
12
0
97
3
93
0
1
1
93
0
0
87
101
0
19
0
1
0
1
0
221
0
19
0
75
0
231
1
93
0
0
0
5
1
18
0
18
0
0
0
93
0
18
18
18
0
11
0
266
1
18
0
5
0
18
72
36
0
5
0
18
0
0
5
349
1
11
0
0
0
0
0
245
18
18
0
10
18
67
0
0
11
75
0
0
21
21
0
18
0
19
0
19
0
5
0
346
5
18
0
18
0
0
0
21
1
72
0
21
0
0
0
1
0
18
2
19
21
5
0
75
0
100
0
0
11
40
0
26
0
19
0
72
0
40
0
11
0
18
0
42
0
0
1
5
0
9
1
66
0
26
0
100
0
0
18
223
18
19
0
0
0
27
0
18
0
1
0
5
0
0
1
18
21
96
0
0
56
7
0
0
18
0
21
18
0
74
0
0
0
79
0
93
0
1
20
5
0
75
18
21
18
19
0
21
0
21
0
18
0
18
0
1
0
72
0
18
0
18
5
0
18
5
5
0
5
0
18
0
18
0
224
0
5
5
18
0
18
0
18
0
18
5
18
0
93
0
18
0
1
0
97
0
21
0
0
0
1
11
272
0
0
0
95
0
18
18
21
0
18
1
87
1
95
0
21
0
1
0
21
0
0
1
11
0
0
0
18
5
18
0
93
0
0
17
18
11
221
0
0
18
18
0
87
0
0
18
88
0
21
0
1
0
18
0
0
1
11
1
18
5
75
0
0
21
26
0
1
0
0
0
0
0
1
0
21
18
21
5
223
75
224
0
18
20
220
0
227
0
70
0
0
15
70
0
18
0
3
0
0
0
18
0
271
1
18
0
1
0
1
0
28
0
0
0
221
11
18
0
18
18
231
21
81
1
1
1
1
0
27
0
0
10
12
0
0
0
5
0
17
70
274
0
0
0
93
21
18
0
26
0
224
42
97
0
10
40
18
0
28
0
225
18
18
0
1
0
18
1
223
1
33
0
1
0
93
19
27
0
0
1
18
0
0
0
70
10
72
0
0
15
65
0
231
87
223
0
5
0
25
70
81
0
5
0
18
0
18
1
4
0
39
0
1
0
18
2
19
0
93
0
18
0
18
0
0
0
0
0
21
0
0
0
5
269
9
0
97
0
1
1
372
18
18
0
5
0
0
0
0
0
27
2
5
0
0
0
79
0
0
0
0
0
0
0
18
0
21
0
101
0
0
0
26
0
93
0
80
0
21
0
18
0
86
0
0
18
5
0
0
0
0
0
0
1
10
254
18
11
19
27
0
0
0
1
1
356
0
21
0
0
0
21
0
18
0
0
0
11
0
0
18
371
0
93
0
1
0
18
0
5
7
5
0
0
0
0
0
21
0
11
0
36
0
0
0
0
18
82
75
5
0
28
0
18
0
5
0
368
0
1
0
67
0
28
0
87
0
18
251
364
0
5
0
223
0
0
1
18
0
18
0
0
0
0
20
33
270
231
0
1
5
227
40
21
0
21
0
11
0
1
0
0
0
362
0
18
93
132
0
90
0
0
0
3
93
223
17
18
0
72
0
0
0
0
0
87
0
27
0
1
0
27
0
1
6
21
22
15
0
11
0
18
0
74
1
272
0
100
18
18
0
358
1
74
0
1
0
0
0
0
0
0
0
0
0
21
33
70
0
5
0
0
0
224
0
21
0
1
0
18
0
0
0
0
0
86
0
0
0
21
1
18
0
88
1
18
0
33
0
375
0
33
0
19
0
0
0
88
0
0
18
98
18
88
0
1
18
18
0
0
0
18
0
10
0
0
1
93
0
11
0
0
19
88
0
369
0
10
1
74
0
0
0
11
0
11
0
0
1
349
0
21
0
18
0
80
75
21
0
93
0
20
0
79
1
66
0
26
0
5
0
18
0
223
0
101
0
0
18
21
21
231
10
80
18
93
0
21
0
345
1
19
0
0
0
40
11
5
18
224
1
5
0
231
0
11
33
349
18
11
0
0
0
1
0
0
66
74
0
0
70
11
0
5
0
11
0
18
0
19
0
1
10
27
0
0
0
1
0
1
0
24
0
0
0
87
0
0
1
1
0
0
0
0
11
18
0
66
0
0
0
0
0
72
0
18
0
93
27
18
1
11
1
18
18
93
0
1
0
0
18
75
0
5
0
18
0
3
1
1
0
4
0
231
22
97
0
21
0
222
1
18
0
0
1
87
10
18
0
12
0
70
0
33
1
1
0
72
1
15
0
5
0
0
0
17
0
93
0
18
0
18
0
5
0
5
0
26
18
35
0
3
0
20
0
254
21
148
0
0
0
0
18
33
5
88
0
0
0
22
0
75
0
0
0
1
0
0
18
21
0
18
0
21
0
1
0
0
0
18
37
18
18
5
0
0
0
83
18
18
1
21
0
95
0
0
0
15
0
5
0
357
0
18
0
18
11
223
18
224
223
101
0
21
0
88
0
0
0
19
0
5
19
355
1
21
0
0
0
1
0
18
0
21
0
33
0
72
0
21
0
0
18
18
18
18
0
0
0
18
5
74
1
18
0
0
0
0
0
0
1
28
18
74
0
93
0
18
1
224
1
17
0
18
0
18
0
0
0
5
157
100
7
1
0
23
0
0
0
18
0
96
0
21
0
5
0
0
0
18
0
17
0
11
18
58
0
21
0
5
0
74
1
18
0
0
0
74
21
95
0
42
0
0
0
1
0
18
0
362
0
11
1
1
28
21
0
18
1
368
0
87
0
5
0
0
0
5
0
346
0
0
0
22
0
11
0
132
0
231
18
75
0
18
0
75
20
18
0
0
0
357
18
1
0
0
0
11
0
7
0
5
0
0
0
0
0
97
0
0
19
12
0
1
0
0
0
21
0
0
10
5
0
20
0
93
1
5
0
11
0
19
0
74
0
0
0
1
20
223
0
1
0
0
0
18
1
18
0
0
0
5
33
5
0
266
2
21
0
18
1
18
18
5
33
223
0
0
0
11
0
1
0
0
0
65
1
93
0
1
0
249
0
21
0
93
75
368
132
222
0
1
2
74
0
10
0
0
0
18
0
18
0
18
0
18
0
362
28
18
0
364
0
0
0
0
0
5
0
75
18
11
0
75
0
0
0
18
0
1
0
368
0
18
70
21
72
223
18
5
0
70
1
18
1
101
96
254
1
18
0
275
1
66
0
101
0
10
0
0
0
227
0
15
0
249
0
0
0
1
0
0
1
223
0
272
0
11
0
68
18
18
17
5
22
93
18
5
0
0
0
1
1
27
0
355
0
11
17
11
1
87
0
356
0
0
1
18
0
5
0
0
0
0
0
18
7
224
0
5
0
0
0
22
0
0
0
0
0
21
0
1
0
21
0
0
0
0
0
0
1
18
7
5
0
21
70
91
75
1
18
11
1
11
0
223
0
67
18
79
0
18
0
5
0
93
18
70
1
18
0
0
0
18
0
74
100
9
18
20
1
11
0
0
0
0
0
0
0
0
0
349
0
72
0
11
0
0
0
0
0
223
0
21
18
21
1
18
0
1
0
101
0
1
1
11
0
18
70
221
0
1
18
72
0
5
0
87
0
0
0
5
0
1
0
18
0
17
0
18
0
21
1
5
0
121
0
0
0
1
0
0
0
0
19
19
28
18
0
224
0
224
93
75
0
20
0
81
1
1
0
72
0
0
0
1
18
34
0
102
0
0
0
1
0
0
0
100
1
5
0
272
0
101
21
226
0
0
0
20
0
15
5
21
1
93
0
18
0
1
18
18
18
254
0
93
0
43
0
0
0
100
0
1
18
18
27
40
0
0
0
18
0
5
0
223
18
18
0
18
0
11
0
17
0
1
0
73
0
40
0
0
0
0
0
26
87
19
0
0
0
21
0
362
0
70
2
18
0
11
18
18
0
1
0
1
0
0
0
34
0
5
0
0
0
0
0
1
0
18
0
93
0
68
0
18
0
25
0
18
0
217
0
224
0
0
1
21
1
78
97
15
0
101
0
0
0
231
0
75
19
5
5
21
0
5
18
15
0
10
19
86
18
257
0
5
0
0
11
75
0
1
1
14
0
224
0
0
0
40
0
2
0
344
19
19
0
0
19
24
0
10
18
26
0
0
0
0
75
272
0
11
18
27
11
18
0
0
0
21
36
223
19
5
0
0
0
72
0
5
0
18
1
18
0
0
0
18
0
0
0
231
0
96
0
10
0
18
0
21
1
5
0
18
0
1
0
0
0
18
0
1
0
18
75
83
1
88
0
1
5
93
0
18
0
20
4
135
0
18
18
100
0
220
0
28
19
40
0
18
0
0
18
5
0
272
0
1
21
18
0
0
17
21
0
18
0
4
0
11
0
93
93
11
0
0
0
18
0
18
0
27
0
10
0
93
0
96
0
0
0
18
18
19
4
18
0
0
0
21
0
5
66
231
0
251
0
27
0
0
0
10
11
274
0
1
0
1
0
15
80
231
0
21
0
0
0
19
0
0
26
1
19
33
0
96
0
18
0
96
0
0
0
0
93
1
21
272
7
18
0
1
0
18
0
1
0
18
0
1
0
221
0
10
18
18
1
1
0
11
11
81
0
18
75
223
0
0
1
21
0
17
0
11
0
1
1
0
0
51
0
0
0
0
17
10
0
18
0
11
2
18
0
18
0
0
0
1
0
274
0
5
0
0
1
11
1
19
0
356
1
223
1
4
0
19
0
0
0
0
18
11
1
33
40
348
0
93
0
0
11
93
231
370
0
18
1
5
0
0
0
21
0
0
0
1
0
11
5
101
0
0
0
228
0
0
5
274
0
1
0
88
0
1
0
35
0
11
18
36
0
21
18
72
0
0
0
0
0
1
0
0
0
18
18
19
0
343
0
18
0
349
0
0
0
1
0
1
0
0
0
19
0
0
0
18
0
18
0
18
1
1
5
18
0
72
0
0
0
3
0
18
0
0
0
18
0
100
0
40
18
73
0
18
0
94
0
0
0
0
9
5
0
11
0
10
0
75
0
1
0
75
0
10
0
101
37
73
0
18
0
0
1
223
0
260
0
1
0
0
0
0
0
21
5
1
0
21
10
67
21
265
33
74
0
1
18
37
1
1
0
0
11
18
0
75
10
72
0
11
1
19
22
27
1
270
0
0
18
18
0
0
18
273
0
0
0
72
0
1
0
1
0
10
28
73
5
19
344
1
95
1
75
0
18
0
0
0
0
0
0
10
93
0
362
0
0
0
0
0
5
0
97
1
18
0
0
0
18
5
40
0
18
21
5
0
17
0
254
0
1
1
1
0
1
23
21
1
222
0
369
0
0
5
21
1
0
0
5
18
15
0
5
0
371
18
18
0
0
28
72
0
21
18
87
0
21
0
157
0
18
0
18
0
18
21
5
0
11
0
0
0
0
0
72
0
223
1
18
0
42
28
102
0
18
18
349
0
37
18
72
0
11
0
11
0
0
0
0
18
5
26
81
0
15
0
21
75
221
0
0
0
359
0
0
0
0
18
18
0
75
0
0
0
1
21
21
0
1
0
274
0
249
0
21
0
5
18
26
0
0
0
0
0
0
1
18
0
21
5
5
18
72
0
0
0
0
72
87
1
271
0
18
40
272
18
18
18
26
0
42
0
28
0
93
0
93
0
21
19
18
1
5
0
272
0
18
1
1
0
87
0
21
0
0
0
1
0
21
0
21
5
343
0
0
10
19
1
18
0
1
1
37
0
74
0
18
0
0
0
12
0
21
0
0
1
251
0
359
0
70
1
18
0
18
1
7
0
28
0
1
0
0
0
11
26
21
0
88
0
11
0
0
0
18
0
0
0
1
100
33
0
0
0
79
0
1
0
75
0
74
0
28
0
18
1
21
0
5
18
26
0
0
0
21
1
86
18
93
0
0
0
0
11
102
18
70
0
0
0
0
0
1
0
40
0
12
0
1
0
28
1
93
0
0
7
18
18
11
0
1
0
0
0
0
0
67
0
5
0
0
0
11
0
1
0
1
18
27
0
18
0
21
0
274
0
0
0
281
0
21
0
18
93
15
0
1
0
223
1
1
0
101
97
33
0
0
0
0
0
0
1
87
1
18
0
3
0
87
74
28
0
21
0
18
0
224
1
0
0
1
0
18
0
93
0
86
0
0
0
0
0
18
0
18
0
21
0
97
1
249
10
18
0
157
0
18
21
26
0
1
0
75
0
18
0
18
0
21
28
5
1
80
0
0
0
18
1
11
0
18
0
1
0
0
231
224
0
28
0
0
0
0
1
20
0
356
0
18
0
18
0
1
0
1
5
18
0
18
0
7
0
18
5
75
18
12
12
5
0
231
0
0
0
17
0
18
0
2
0
0
0
0
0
18
0
0
0
0
11
223
18
87
0
93
0
0
0
18
0
0
0
0
26
18
0
72
0
222
18
87
0
19
0
1
0
18
1
18
0
18
0
21
0
0
0
11
0
5
1
18
0
19
0
101
1
18
1
368
18
18
0
0
0
0
0
1
0
70
0
5
0
0
0
346
0
95
0
1
0
0
0
0
1
26
18
7
0
223
0
349
40
223
17
21
0
23
0
1
0
1
0
0
0
97
0
0
0
369
0
18
0
350
0
11
0
18
0
74
0
26
0
21
0
1
0
101
0
0
0
0
0
1
93
359
0
9
0
1
0
18
0
18
0
0
0
87
0
18
0
0
0
10
0
21
0
0
0
11
0
0
0
96
0
0
0
0
1
18
0
1
0
18
0
0
0
0
0
0
0
1
231
344
0
0
5
223
1
18
0
1
0
0
0
1
21
231
0
0
18
1
0
21
0
18
1
12
1
0
0
0
0
0
0
0
0
1
0
101
0
0
0
18
11
21
0
0
0
18
20
86
0
97
0
0
0
0
0
369
1
44
19
349
18
36
0
18
0
1
0
18
18
18
18
19
0
93
18
272
0
18
0
18
0
231
0
21
0
5
2
75
0
11
0
0
28
223
0
19
2
5
0
1
0
21
0
0
0
1
0
18
21
21
0
25
0
93
1
1
0
0
1
95
1
15
0
0
0
75
0
18
5
218
0
0
0
0
5
362
0
223
0
87
1
132
0
1
1
18
0
1
0
93
26
231
0
0
18
21
0
0
0
1
0
0
0
21
0
0
97
1
0
0
1
21
0
0
93
21
20
93
18
19
0
0
0
75
18
18
0
222
0
0
0
9
0
18
0
0
0
0
0
272
0
7
0
18
0
39
0
349
0
0
2
5
0
362
25
231
0
101
0
18
18
18
18
5
0
87
18
18
18
75
0
0
0
1
0
0
1
101
1
36
96
368
0
5
272
349
0
1
0
231
0
1
0
27
0
11
10
75
0
0
1
11
0
1
0
369
0
5
0
223
0
93
18
19
0
223
10
70
22
1
0
343
0
18
0
5
1
93
0
1
0
0
0
18
0
0
18
254
0
21
0
0
0
0
0
11
0
1
18
18
0
0
1
19
0
0
10
223
0
1
0
74
0
5
1
87
0
11
19
19
0
0
0
18
18
272
0
18
1
21
18
21
0
21
0
0
1
18
0
0
18
18
0
11
0
1
0
0
0
18
0
18
0
18
0
1
0
0
1
17
18
75
0
18
0
0
0
18
0
18
0
1
0
0
0
18
5
93
0
5
0
0
0
18
0
18
0
0
28
21
0
5
18
19
0
21
0
224
0
356
0
257
0
88
0
19
0
19
0
72
0
0
0
0
0
20
1
21
0
1
0
101
0
0
0
1
1
223
10
11
0
0
19
224
18
5
0
0
0
1
0
87
74
343
0
10
0
1
18
87
18
21
369
369
0
65
26
274
5
1
0
0
18
157
0
0
0
93
19
88
0
1
0
87
0
19
23
88
18
18
0
1
4
18
12
274
0
19
21
266
0
21
0
67
36
79
0
19
0
0
0
0
0
0
0
1
0
0
0
0
2
70
0
0
19
27
0
0
0
0
0
66
0
18
0
1
28
11
0
80
0
18
0
18
27
18
21
26
19
21
0
0
0
21
0
266
1
75
0
1
0
18
0
27
10
21
1
1
0
18
0
93
0
223
0
0
18
72
17
18
0
1
0
0
0
4
0
28
18
21
0
350
0
0
0
11
0
1
0
93
0
1
0
1
0
12
0
93
0
18
18
218
0
0
0
21
0
18
1
11
0
371
0
5
0
0
18
97
0
1
0
0
18
75
1
101
0
18
17
223
0
0
0
5
0
0
0
11
0
0
0
0
0
131
0
0
1
1
3
19
0
18
0
18
0
1
0
18
0
1
11
88
0
0
21
18
0
37
0
0
0
364
0
19
0
74
18
5
0
19
100
274
11
224
11
249
0
349
0
0
0
0
0
18
0
0
0
60
21
21
1
11
21
87
0
0
33
88
0
0
12
20
0
18
33
132
0
5
0
18
0
21
0
72
0
0
0
15
0
0
93
0
0
0
344
0
18
0
0
0
223
1
0
0
18
18
18
0
11
0
21
0
87
0
18
37
5
0
1
0
0
0
0
231
255
17
87
0
0
0
5
0
7
0
75
18
18
0
18
0
19
0
18
231
343
1
18
0
5
0
99
0
0
1
19
0
232
5
86
18
15
0
17
0
1
93
5
7
9
0
40
0
21
0
0
18
2
223
18
0
21
0
1
0
1
1
344
1
26
0
1
0
21
0
87
4
18
0
5
18
11
0
0
0
1
0
19
0
27
0
0
18
27
19
21
1
18
0
0
0
0
0
42
0
137
0
97
0
0
0
0
18
5
0
43
74
223
0
21
0
18
0
0
0
0
0
21
10
102
0
0
0
18
0
1
0
18
0
5
0
356
0
0
1
0
0
1
0
0
1
19
0
0
0
40
4
18
0
0
18
21
0
1
0
5
18
5
0
75
0
11
0
7
0
37
0
0
0
33
0
5
0
11
0
11
0
10
0
1
0
11
0
0
0
18
0
18
0
0
1
368
1
5
0
21
0
18
0
0
0
346
0
0
0
18
0
18
0
0
0
93
0
356
0
0
0
356
19
5
0
19
5
21
0
0
0
0
0
1
21
223
0
5
0
0
0
5
0
0
1
11
0
0
1
22
0
5
0
0
1
223
0
33
0
0
0
72
1
5
0
0
0
1
0
368
0
18
18
18
0
25
18
15
11
18
18
368
1
346
0
0
18
15
0
0
0
0
0
1
0
231
0
231
0
11
1
18
0
75
231
75
21
40
0
10
11
223
0
0
0
349
0
0
0
18
1
18
0
18
0
1
0
4
223
221
1
28
5
11
0
11
1
368
0
1
0
5
0
1
0
18
0
11
0
223
0
0
0
0
0
74
0
18
0
1
97
93
1
223
0
5
0
0
0
5
0
0
17
132
0
0
0
95
0
18
18
359
0
349
0
0
0
65
1
0
18
18
0
369
0
18
18
21
0
0
22
377
1
1
1
132
0
0
0
33
0
26
33
79
0
0
0
11
0
18
0
18
0
33
0
368
0
22
0
1
0
10
0
1
0
5
1
18
0
0
0
19
0
17
18
80
0
72
0
18
227
375
0
7
0
28
5
87
72
250
1
18
0
0
0
0
10
21
18
87
0
100
0
0
0
1
0
1
1
11
0
0
18
21
0
74
0
19
0
266
0
11
0
75
11
359
0
301
0
0
18
11
0
0
18
75
0
37
0
254
18
372
10
18
0
18
0
12
0
1
0
11
0
5
18
79
0
18
0
11
0
11
67
87
0
349
18
18
0
11
19
21
0
18
0
19
0
18
18
21
0
28
20
28
1
231
0
1
0
5
0
0
1
18
0
269
0
0
0
0
18
0
1
5
18
0
0
0
11
0
1
18
101
0
5
0
0
10
101
0
21
0
0
0
0
1
4
1
72
5
18
0
346
0
0
0
231
0
0
0
86
0
66
1
93
0
18
0
11
0
93
0
18
1
220
0
18
0
0
0
3
0
18
0
74
0
1
18
93
0
97
0
28
0
18
1
18
21
356
0
0
0
0
18
5
0
70
5
101
1
254
0
0
0
26
0
18
0
227
0
75
0
0
0
0
0
1
0
18
10
11
0
0
0
1
0
371
0
21
0
21
0
344
0
0
0
11
0
10
0
223
0
0
0
21
0
11
0
28
0
70
0
19
1
2
0
0
11
11
0
0
0
223
18
224
0
18
0
18
0
11
18
21
0
18
0
17
1
18
1
18
0
80
2
1
1
18
87
5
344
0
11
0
5
1
21
0
18
5
40
0
10
0
0
0
0
0
0
0
72
0
0
0
33
0
18
0
5
0
18
19
1
0
1
0
1
0
11
0
0
231
275
0
17
0
0
0
5
0
81
20
11
0
1
0
5
0
1
0
1
1
2
0
0
0
0
0
0
0
0
0
18
0
11
1
18
1
19
11
223
18
81
0
0
18
18
0
74
0
18
18
21
0
1
0
0
0
1
67
375
5
273
1
26
0
0
0
9
0
18
0
1
0
1
0
18
0
67
0
1
18
87
1
11
132
1
100
0
93
0
18
11
21
0
21
0
0
0
1
11
33
0
18
0
18
11
96
0
19
0
18
0
344
0
1
0
349
1
21
0
97
0
0
0
18
0
18
0
0
0
70
18
19
0
0
0
11
2
1
1
11
0
1
0
222
19
21
1
18
0
18
0
70
0
0
0
96
72
5
18
80
0
80
0
11
1
26
5
21
0
11
0
1
19
357
17
0
0
17
0
5
5
18
10
359
0
75
0
18
0
18
0
0
18
18
0
17
0
0
0
0
0
0
0
11
0
5
93
364
0
231
17
11
0
0
0
21
0
0
0
1
0
119
12
21
0
18
0
21
18
93
0
1
0
18
0
5
0
1
5
18
18
18
0
18
16
5
0
0
1
5
0
0
0
0
0
16
21
17
18
70
1
1
0
17
21
231
21
95
0
11
0
72
0
0
0
18
0
14
0
1
1
21
0
143
0
87
0
75
0
260
0
1
0
226
0
0
0
21
0
0
0
75
0
219
21
88
2
93
11
72
0
346
0
18
1
0
1
11
0
95
0
10
0
1
0
74
0
33
1
5
0
1
0
0
0
87
0
18
1
1
0
11
0
5
0
18
245
272
1
93
18
93
0
93
0
24
0
358
18
11
11
272
1
18
0
21
0
11
0
11
0
75
1
21
11
12
0
0
0
245
5
5
87
74
0
1
0
0
0
0
0
0
0
1
0
0
0
223
0
18
19
26
0
0
0
0
22
362
0
17
0
93
0
0
0
21
0
87
0
97
0
5
0
0
0
2
0
0
0
0
0
26
0
0
0
0
0
0
0
231
20
18
21
21
18
95
0
18
0
346
5
5
5
366
0
0
0
1
0
88
0
18
0
19
0
18
27
97
0
223
2
231
0
21
0
93
0
0
0
1
1
18
19
18
0
1
0
0
1
40
5
101
0
33
18
97
0
11
74
75
0
0
21
0
0
101
0
0
21
18
1
0
36
18
5
39
17
221
0
0
0
18
18
0
9
5
97
0
0
0
1
87
0
0
0
18
218
18
0
0
0
0
11
275
0
93
18
0
87
0
224
0
0
28
0
0
0
1
0
18
18
1
0
0
1
0
0
19
18
1
0
0
19
18
0
5
18
0
0
19
0
0
5
21
15
18
24
19
231
1
0
5
18
0
21
0
0
21
7
0
0
19
0
18
21
0
1
1
18
0
1
17
21
1
0
0
0
93
0
1
1
101
28
0
5
0
21
18
0
2
0
18
0
75
0
0
0
18
0
18
11
1
0
0
0
0
2
5
93
18
0
0
18
0
46
1
28
18
1
0
0
18
0
0
19
0
0
1
11
75
0
0
21
11
0
0
0
18
1
1
21
0
0
0
1
1
21
0
18
0
0
63
18
18
19
15
0
0
21
12
224
93
0
1
18
0
0
11
21
0
21
0
0
0
18
0
18
0
21
5
0
1
0
10
5
5
0
0
18
0
21
1
0
0
87
21
137
1
18
21
231
0
0
0
0
0
0
93
272
0
18
18
93
18
93
0
1
0
137
0
1
5
18
0
33
1
223
10
18
0
1
0
18
0
0
0
70
0
0
1
0
0
0
0
67
5
19
93
375
70
11
0
11
1
18
18
223
0
224
0
18
0
0
0
1
0
362
21
231
0
0
0
97
18
21
0
5
0
18
0
97
0
40
1
0
0
18
0
157
0
87
0
0
0
5
5
132
0
1
0
0
0
359
0
0
0
0
0
1
0
0
11
18
0
5
0
0
1
19
0
1
0
349
0
0
0
0
19
21
0
0
0
0
11
22
0
70
0
0
0
0
0
18
0
87
0
33
0
1
0
75
0
18
0
25
0
21
0
1
0
87
0
0
0
18
0
18
75
96
0
19
0
18
21
227
0
18
18
356
0
21
0
1
73
274
1
11
0
223
0
0
0
0
0
10
1
11
18
18
0
0
0
0
0
0
21
65
0
266
0
19
0
18
0
18
0
19
1
11
0
0
0
0
18
93
0
83
0
1
1
1
0
5
0
21
0
0
0
0
0
0
0
18
0
75
0
0
0
18
0
18
1
75
0
0
18
18
3
21
18
18
0
18
0
5
0
0
5
369
0
0
0
0
0
33
0
18
18
223
20
21
0
93
0
18
17
18
0
11
0
18
0
21
0
11
0
0
18
231
0
272
0
5
0
18
28
87
0
19
0
21
0
75
1
18
0
5
0
0
0
21
0
93
0
18
0
5
18
40
1
70
0
0
19
19
0
18
19
18
0
272
21
223
0
87
5
21
0
1
0
1
18
18
0
18
0
137
0
2
0
5
0
1
0
272
0
21
0
0
0
17
0
0
22
95
18
93
0
18
0
1
0
0
5
21
0
18
1
66
11
75
0
18
0
5
1
371
0
0
5
18
0
0
0
100
0
0
5
273
0
0
0
0
0
0
0
21
0
0
0
1
1
26
0
11
0
0
0
0
1
19
0
277
0
28
0
5
18
97
0
1
0
0
0
0
0
0
0
1
19
19
0
18
0
0
18
70
0
21
1
231
0
0
0
0
0
0
0
0
0
0
0
18
0
18
1
231
0
2
0
18
0
0
74
223
0
19
0
0
0
1
0
75
0
1
1
1
0
0
0
18
0
15
0
0
0
0
0
0
1
19
0
72
0
18
0
0
0
18
0
0
0
1
0
18
0
1
0
18
0
20
0
0
0
0
0
5
21
2
0
11
0
372
10
19
0
19
18
137
11
75
0
11
0
18
0
37
0
72
0
1
0
74
0
0
0
0
0
18
0
26
27
18
0
26
21
18
93
21
18
356
0
0
0
5
0
0
0
349
0
21
0
346
0
18
0
10
0
18
0
73
93
263
0
0
18
27
0
1
1
1
223
20
0
11
0
0
1
221
18
21
0
0
0
5
0
1
0
0
0
18
5
18
74
272
0
0
0
18
0
5
21
93
0
0
0
100
0
18
27
74
36
97
0
21
0
18
0
0
22
72
11
228
0
5
17
19
0
18
0
21
0
0
0
17
0
97
0
7
0
0
0
0
0
0
0
0
0
1
0
1
17
18
0
0
0
1
18
18
0
33
0
75
0
1
0
81
0
0
0
0
0
18
1
0
0
18
0
0
0
18
0
19
1
21
0
1
0
0
0
0
0
12
18
12
0
1
0
18
0
21
5
356
0
0
0
33
19
100
0
21
26
222
1
21
0
87
17
43
1
220
1
33
0
5
0
0
5
21
0
5
10
18
0
18
18
26
0
21
19
1
0
40
0
1
0
0
0
1
0
0
0
18
0
231
19
18
0
18
0
18
0
70
0
1
0
10
0
18
0
0
0
11
0
0
0
350
2
11
0
17
0
18
0
28
18
137
1
274
0
0
18
11
0
232
0
223
0
22
0
18
0
18
0
18
0
5
0
1
0
44
0
18
11
90
0
0
0
18
0
368
0
1
1
18
0
0
26
74
95
5
0
18
5
385
0
18
0
2
0
19
18
93
0
11
0
1
1
349
0
18
0
67
0
273
0
19
0
75
35
33
0
5
21
1
0
17
17
19
0
11
0
0
17
18
0
346
0
0
0
0
0
0
0
19
0
254
0
0
33
20
0
18
0
1
0
1
0
254
10
18
0
1
0
18
18
18
0
5
1
95
0
0
0
223
0
0
1
18
0
0
18
21
0
18
0
0
1
0
0
18
0
11
19
100
1
70
0
255
75
18
0
0
21
19
0
21
0
1
0
17
0
19
0
93
0
23
0
143
0
0
93
65
5
5
1
26
0
18
18
1
0
0
18
0
101
0
96
21
18
0
101
0
75
1
18
18
19
27
21
5
18
0
18
11
22
0
350
0
18
0
25
0
349
0
1
1
20
0
19
18
11
0
0
0
40
0
0
0
0
0
21
0
33
0
255
18
372
0
15
21
11
0
18
0
18
18
28
0
1
1
1
0
18
0
5
0
18
11
18
0
87
0
96
18
18
0
18
18
224
0
0
0
18
1
101
18
255
11
281
18
368
1
0
18
18
21
157
0
0
0
0
17
227
0
18
0
18
0
0
0
18
0
1
0
0
0
33
0
93
0
1
0
9
18
75
11
86
0
220
21
88
0
223
0
5
0
1
1
18
5
356
0
5
0
93
11
254
0
0
33
20
10
9
0
20
0
5
5
100
0
11
0
0
0
72
223
368
0
369
0
0
18
5
18
18
0
27
18
223
0
95
0
18
0
3
0
0
0
272
0
18
18
18
19
75
0
251
0
0
0
2
0
1
18
5
0
16
19
87
0
17
0
0
0
75
0
1
0
7
0
1
1
18
1
7
0
67
33
93
0
2
18
18
136
362
18
93
1
74
2
95
0
0
0
18
0
1
0
0
0
0
0
348
0
0
87
344
18
18
75
132
0
1
18
21
0
132
0
75
0
0
1
9
0
272
0
349
0
0
0
5
2
11
0
5
0
22
0
1
0
0
0
1
0
2
0
132
0
0
0
0
0
0
0
0
0
18
0
5
0
10
0
0
0
21
0
21
0
86
1
18
0
18
0
0
0
0
0
0
1
5
18
27
5
245
0
70
18
21
0
1
0
19
33
254
0
18
0
46
1
5
1
18
0
0
0
19
0
0
0
18
0
0
0
0
10
231
17
72
0
0
0
19
0
7
0
26
0
44
0
0
0
19
18
18
0
231
0
0
0
0
0
0
0
18
0
99
0
5
0
0
0
0
18
21
18
368
5
5
21
231
0
11
0
0
1
18
18
19
0
18
0
18
18
21
19
5
0
11
5
96
0
0
0
10
1
4
0
369
0
5
0
101
0
5
1
231
18
18
0
0
0
0
18
18
18
18
0
21
0
17
0
0
0
0
0
21
10
40
93
15
72
5
1
72
0
5
0
18
0
102
18
101
18
368
18
5
0
1
18
231
1
1
0
0
0
87
21
18
1
224
18
274
0
21
27
254
85
19
1
96
0
21
0
0
0
0
0
1
0
18
0
97
0
21
0
21
0
0
0
0
1
5
0
0
1
93
0
5
0
27
0
21
0
21
0
18
0
1
0
0
0
0
0
274
0
0
18
5
19
21
0
0
0
0
0
366
1
78
0
0
93
75
0
1
0
231
0
1
0
0
1
18
0
0
0
18
0
19
1
18
0
93
0
0
0
0
11
21
0
1
0
0
1
0
93
5
0
0
36
18
0
0
0
18
11
2
0
0
18
88
0
86
0
18
0
1
1
369
0
0
0
21
1
101
0
0
19
75
0
18
1
15
369
369
0
275
21
93
0
75
0
40
18
273
11
101
18
96
0
5
0
0
21
87
0
15
0
72
0
70
0
0
1
18
0
18
1
0
0
0
0
18
0
33
0
101
0
18
40
93
0
0
1
19
0
224
1
11
0
18
0
26
19
97
5
18
0
21
0
1
